1328
1329
1332
1377
1383
1400
1407
1408
1418
1429
1491
1514
1515
1518
1540
1542
1552
1605
1612
1671
1699
1711
1712
1716
1720
1721
1722
1724
1737
1739
1762
1766
1775
1782
1789
1793
1801
1805
1807
1808
1811
1813
1814
1815
1819
1821
1822
1824
1827
1834
1840
1844
1850
1852
1853
1860
1866
1867
1868
1871
1873
1878
1879
1888
1890
1899
1906
1911
1916
1919
1928
1929
1934
1951
1963
1966
1971
1972
1976
1979
1984
1992
1994
1997
2001
2009
2038
2053
2055
2109
2112
2120
2121
2122
2124
2127
2131
2132
2134
2138
2144
2145
2146
2148
2150
2151
2152
2153
2154
2156
2157
2158
2159
2162
2163
2164
2168
2170
2174
2175
2176
2178
2180
2181
2183
2186
2191
2193
2195
2196
2211
2215
2222
2264
2267
2282
2284
2286
2288
2290
2291
2294
2303
2304
2307
2309
2311
2315
2317
2321
2323
2325
2329
2330
2331
2337
2338
2340
2341
2342
2345
2349
2351
2352
2353
2354
2362
2369
2370
2371
2372
2373
2374
2375
2376
2378
2379
2385
2388
2389
2393
2395
2397
2398
2399
2400
2402
2404
2405
2406
2408
2410
2411
2413
2415
2418
2425
2428
2429
2432
2435
2436
2437
2438
2445
2449
2450
2453
2454
2458
2459
2461
2462
2464
2468
2469
2471
2475
2477
2479
2480
2481
2483
2484
2487
2488
2489
2491
2492
2493
2497
2501
2538
2579
2586
2588
2593
2594
2599
2608
2651
2652
2654
2656
2658
2666
2667
2670
2673
2676
2678
2681
2683
2685
2687
2693
2694
2698
2703
2706
2715
2721
2722
2726
2729
2735
2736
2742
2743
2749
2751
2752
2759
2760
2762
2763
2764
2766
2767
2768
2769
2772
2776
2777
2778
2780
2782
2784
2788
2790
2791
2792
2796
2798
2804
2809
2814
2815
2875
2892
2894
2904
2910
2914
2918
2926
2927
2929
3003
3010
3021
3027
3028
3030
3031
3034
3035
3036
3038
3040
3041
3042
3043
3046
3048
3050
3053
3054
3063
3064
3068
3069
3070
3071
3073
3075
3076
3080
3082
3088
3089
3092
3093
3097
3103
3104
3105
3107
3109
3111
3113
3121
3125
3140
3150
3153
3159
3160
3161
3165
3167
3168
3169
3170
3172
3174
3180
3185
3186
3189
3192
3201
3202
3204
3225
3227
3228
3230
3234
3236
3237
3238
3240
3241
3242
3244
3245
3248
3251
3254
3258
3264
3266
3271
3280
3283
3300
3306
3313
3316
3318
3319
3320
3321
3322
3323
3325
3326
3328
3331
3333
3341
3344
3347
3350
3352
3353
3355
3356
3358
3360
3370
3372
3374
3376
3377
3385
3386
3387
3388
3390
3391
3392
3393
3394
3397
3398
3408
3409
3421
3431
3435
3436
3437
3439
3441
3443
3444
3521
3524
3526
3528
3571
3577
3578
3580
3583
3593
3606
3607
3608
3622
3623
3624
3625
3626
3627
3628
3630
3632
3633
3634
3639
3640
3641
3645
3647
3649
3652
3653
3655
3656
3657
3658
3659
3660
3661
3662
3663
3664
3666
3667
3668
3670
3672
3674
3677
3681
3682
3685
3691
3708
3710
3711
3719
3723
3724
3726
3727
3731
3733
3734
3738
3741
3742
3744
3747
3750
3751
3753
3754
3756
3758
3760
3763
3765
3766
3768
3769
3770
3772
3773
3774
3776
3777
3778
3779
3782
3785
3787
3788
3790
3791
3793
3796
3798
3799
3800
3803
3804
3807
3810
3811
3814
3815
3816
3822
3823
3825
3826
3828
3831
3832
3835
3836
3837
3839
3840
3841
3842
3843
3844
3845
3848
3850
3851
3852
3853
3854
3856
3858
3864
3865
3880
3891
3895
3900
3902
3903
3904
3945
3950
3955
4003
4004
4005
4021
4022
4023
4026
4028
4031
4043
4044
4045
4047
4061
4062
4064
4080
4082
4091
4092
4098
4100
4102
4112
4114
4116
4117
4182
4183
4187
4202
4215
4217
4221
4222
4224
4228
4231
4237
4239
4240
4241
4243
4272
4281
4282
4284
4286
4287
4288
4293
4295
4301
4304
4307
4308
4310
4312
4316
4317
4318
4320
4321
4323
4324
4331
4334
4335
4336
4343
4344
4345
4346
4347
4348
4350
4351
4355
4356
4358
4361
4365
4368
4369
4401
4406
4410
4502
4503
4506
4508
4517
4519
4524
4526
4527
4528
4530
4536
4539
4541
4544
4547
4548
4552
4553
4554
4555
4556
4557
4558
4559
4563
4564
4565
4569
4570
4571
4572
4573
4574
4575
4576
4577
4579
4582
4583
4585
4587
4588
4615
4616
4623
4627
4628
4631
4640
4641
4642
4644
4651
4657
4664
4666
4667
4668
4669
4671
4676
4678
4680
4681
4686
4689
4695
4696
4704
4707
4708
4712
4714
4716
4719
4722
4725
4728
4733
4734
4735
4736
4739
4743
4744
4748
4751
4752
4754
4755
4760
4763
4764
4765
4766
4769
4770
4771
4772
4775
4776
4777
4779
4781
4783
4784
4792
4800
4801
4813
4814
4819
4820
4824
4825
4829
4833
4837
4838
4839
4840
4842
4845
4847
4848
4849
4875
4901
4921
4922
4924
4929
4960
4966
4968
4970
4971
4972
4973
4974
4975
4978
4979
4987
4992
4997
4998
5002
5008
5010
5013
5015
5017
5019
5103
5104
5105
5108
5121
5122
5162
5184
5185
5196
5199
5201
5202
5208
5214
5216
5218
5232
5233
5237
5261
5273
5279
5282
5283
5284
5285
5287
5288
5289
5301
5302
5304
5310
5333
5341
5344
5351
5352
5358
5381
5384
5391
5393
5408
5412
5413
5423
5453
5456
5458
5476
5480
5486
5541
5542
5563
5602
5603
5609
5632
5695
5702
5706
5707
5714
5724
5726
5741
5753
5758
5781
5801
5803
5807
5815
5816
5817
5852
5856
5857
5905
5909
5911
5912
5921
5938
5940
5942
5943
5952
5955
5962
5964
5969
5970
5971
5973
5987
5989
5991
5998
6005
6013
6016
6023
6026
6030
6050
6054
6055
6058
6059
6062
6063
6064
6065
6069
6071
6072
6078
6079
6086
6088
6093
6094
6095
6101
6104
6112
6121
6135
6136
6140
6141
6143
6145
6146
6150
6158
6159
6161
6163
6164
6208
6210
6217
6218
6222
6245
6246
6248
6250
6254
6255
6256
6257
6258
6262
6264
6265
6266
6268
6269
6271
6273
6277
6278
6279
6284
6287
6291
6293
6297
6298
6299
6300
6302
6305
6307
6309
6310
6312
6314
6315
6316
6319
6323
6324
6326
6327
6328
6334
6335
6336
6338
6339
6340
6342
6343
6346
6347
6351
6355
6356
6358
6361
6363
6366
6370
6376
6380
6384
6387
6390
6395
6396
6397
6400
6403
6406
6409
6411
6413
6417
6418
6419
6424
6425
6428
6430
6432
6433
6440
6444
6445
6448
6455
6457
6458
6460
6466
6469
6476
6479
6484
6486
6487
6490
6492
6494
6495
6497
6501
6502
6503
6504
6505
6506
6508
6513
6581
6584
6590
6591
6593
6594
6618
6619
6620
6624
6625
6626
6627
6628
6629
6630
6632
6633
6634
6635
6636
6637
6638
6639
6640
6641
6643
6644
6647
6651
6656
6658
6659
6662
6664
6666
6668
6669
6670
6674
6675
6676
6677
6703
6704
6706
6707
6709
6715
6716
6719
6721
6722
6723
6724
6727
6728
6730
6731
6736
6737
6741
6742
6747
6752
6753
6754
6756
6762
6767
6769
6770
6772
6775
6776
6777
6778
6779
6786
6787
6788
6789
6791
6794
6796
6798
6803
6810
6814
6815
6816
6817
6820
6823
6826
6832
6834
6835
6836
6837
6838
6839
6840
6841
6844
6848
6849
6850
6855
6856
6857
6858
6859
6860
6862
6864
6866
6869
6870
6871
6875
6877
6878
6881
6882
6888
6890
6891
6894
6897
6898
6902
6907
6908
6911
6915
6916
6920
6924
6925
6927
6932
6938
6941
6942
6944
6946
6951
6952
6955
6958
6960
6961
6962
6966
6967
6971
6972
6974
6977
6982
6985
6986
6988
6993
6994
6995
6997
6998
7004
7012
7013
7014
7018
7102
7105
7122
7148
7162
7172
7211
7212
7217
7222
7224
7230
7235
7236
7238
7240
7241
7242
7243
7244
7245
7251
7261
7271
7272
7273
7274
7276
7277
7278
7279
7280
7282
7283
7284
7291
7294
7298
7404
7408
7412
7413
7414
7415
7419
7420
7421
7432
7433
7435
7438
7445
7447
7448
7453
7456
7459
7462
7463
7464
7467
7476
7477
7487
7494
7502
7513
7516
7517
7518
7519
7521
7522
7523
7527
7531
7532
7537
7545
7550
7567
7570
7571
7575
7581
7587
7591
7593
7595
7599
7600
7601
7602
7606
7607
7608
7610
7612
7613
7615
7616
7618
7624
7647
7707
7709
7711
7713
7714
7715
7717
7719
7722
7725
7726
7727
7729
7731
7732
7733
7735
7740
7744
7745
7746
7748
7752
7760
7771
7774
7776
7777
7779
7816
7817
7820
7822
7826
7827
7829
7831
7832
7833
7834
7835
7836
7841
7844
7846
7847
7849
7853
7856
7863
7864
7868
7873
7874
7885
7886
7888
7896
7898
7899
7906
7908
7915
7917
7921
7927
7928
7932
7936
7939
7946
7949
7955
7956
7958
7961
7963
7966
7968
7970
7972
7974
7980
7984
7986
7991
7992
7995
7997
7999
8002
8005
8006
8011
8012
8013
8014
8015
8016
8020
8022
8023
8029
8031
8036
8037
8044
8050
8051
8053
8057
8073
8077
8085
8089
8093
8101
8105
8111
8123
8125
8127
8129
8132
8135
8136
8141
8155
8157
8165
8166
8170
8175
8181
8185
8186
8194
8198
8200
8201
8202
8203
8205
8214
8215
8218
8219
8227
8229
8237
8247
8248
8251
8252
8254
8256
8260
8273
8275
8281
8283
8291
8303
8304
8308
8316
8333
8337
8338
8342
8349
8350
8358
8363
8393
8394
8399
8411
8418
8423
8424
8425
8462
8473
8508
8511
8515
8518
8524
8537
8572
8584
8585
8589
8593
8595
8601
8604
8613
8622
8624
8625
8686
8692
8699
8702
8704
8708
8709
8710
8715
8721
8725
8729
8737
8739
8740
8742
8746
8747
8766
8769
8772
8783
8787
8789
8795
8798
8803
8804
8806
8818
8840
8844
8848
8850
8851
8860
8869
8871
8881
8885
8886
8887
8889
8890
8892
8893
8894
8897
8898
8903
8904
8905
8908
8909
8912
8914
8917
8922
8923
8925
8927
8928
8929
8934
8938
8940
8944
8945
8946
8954
8955
8956
8957
8963
8964
8966
8968
8972
8973
8975
8976
8982
8984
8985
8986
8999
9001
9003
9007
9012
9028
9044
9052
9063
9069
9107
9115
9119
9130
9132
9180
9206
9232
9233
9308
9312
9353
9355
9360
9362
9363
9370
9375
9376
9381
9385
9399
9421
9423
9424
9425
9433
9435
9438
9439
9441
9444
9445
9446
9449
9470
9474
9478
9479
9501
9502
9503
9508
9513
9514
9535
9602
9603
9610
9613
9619
9624
9627
9635
9638
9640
9641
9647
9651
9658
9674
9675
9678
9681
9682
9684
9685
9692
9697
9698
9699
9702
9704
9707
9708
9709
9715
9716
9717
9722
9726
9742
9743
9747
9749
9758
9761
9764
9765
9767
9768
9776
9782
9787
9788
9792
9793
9820
9824
9826
9827
9832
9835
9836
9842
9843
9852
9861
9870
9878
9880
9885
9888
9895
9900
9902
9903
9904
9927
9934
9941
9945
9948
9955
9957
9960
9972
9973
9978
9980
9982
9983
9984
9989
9990
9993
9995
9997
