1301
1305
1306
1308
1320
1321
1329
1330
1332
1333
1343
1345
1346
1348
1356
1357
1358
1360
1365
1366
1367
1368
1369
1377
1379
1407
1414
1417
1419
1435
1447
1448
1458
1459
1475
1476
1514
1515
1518
1540
1552
1557
1568
1570
1571
1579
1580
1591
1593
1605
1615
1662
1671
1719
1720
1721
1724
1762
1766
1783
1801
1802
1803
1805
1808
1812
1813
1815
1820
1821
1822
1824
1833
1835
1852
1860
1861
1866
1871
1873
1878
1879
1881
1883
1884
1885
1890
1893
1898
1911
1925
1926
1928
1929
1934
1941
1942
1944
1950
1951
1954
1959
1961
1963
1964
1968
1969
1973
1976
1979
1982
1983
2001
2002
2038
2042
2060
2109
2120
2121
2124
2127
2130
2134
2138
2146
2151
2154
2157
2158
2159
2160
2162
2164
2168
2170
2173
2174
2175
2181
2183
2191
2193
2198
2201
2206
2212
2220
2222
2229
2264
2267
2269
2270
2281
2282
2292
2296
2301
2303
2305
2307
2311
2315
2317
2326
2327
2330
2331
2337
2352
2353
2362
2371
2372
2375
2378
2379
2384
2385
2389
2395
2398
2410
2412
2413
2427
2428
2429
2432
2433
2436
2438
2440
2453
2459
2461
2471
2475
2477
2483
2484
2489
2491
2492
2497
2501
2502
2503
2516
2531
2579
2587
2590
2593
2602
2607
2651
2656
2659
2664
2667
2670
2678
2681
2685
2695
2702
2706
2722
2726
2730
2733
2743
2749
2767
2768
2782
2784
2792
2801
2802
2809
2810
2811
2815
2871
2874
2875
2884
2897
2908
2910
2914
2915
2918
2929
2930
2931
3002
3003
3028
3031
3034
3036
3038
3040
3046
3048
3050
3053
3064
3073
3076
3085
3086
3087
3088
3091
3092
3097
3098
3099
3101
3103
3104
3105
3106
3107
3109
3110
3116
3132
3134
3139
3141
3148
3150
3151
3156
3167
3179
3180
3182
3183
3186
3191
3193
3194
3195
3197
3198
3201
3221
3222
3226
3227
3230
3231
3234
3244
3245
3249
3250
3252
3254
3258
3264
3267
3269
3278
3279
3281
3282
3283
3284
3287
3288
3289
3290
3291
3292
3295
3296
3298
3299
3300
3302
3309
3323
3328
3329
3333
3341
3349
3356
3360
3382
3385
3387
3390
3391
3395
3397
3401
3402
3405
3407
3415
3431
3433
3436
3441
3443
3445
3446
3451
3453
3454
3457
3462
3463
3465
3466
3468
3471
3475
3476
3479
3481
3482
3486
3491
3492
3493
3496
3497
3528
3536
3540
3541
3543
3547
3548
3549
3550
3556
3558
3561
3563
3564
3565
3569
3591
3593
3608
3611
3612
3623
3624
3625
3626
3627
3632
3635
3636
3641
3646
3649
3652
3653
3654
3655
3656
3657
3658
3659
3660
3661
3662
3663
3664
3665
3666
3667
3668
3672
3673
3675
3676
3677
3678
3679
3680
3681
3682
3686
3687
3688
3692
3694
3696
3697
3698
3719
3723
3724
3733
3738
3741
3753
3756
3758
3762
3765
3766
3769
3771
3773
3774
3776
3778
3782
3784
3788
3793
3798
3807
3810
3817
3823
3825
3826
3835
3836
3837
3843
3844
3850
3851
3852
3853
3854
3857
3858
3861
3863
3865
3880
3891
3900
3901
3902
3903
3905
3906
3907
3909
3911
3912
3914
3916
3920
3921
3922
3923
3925
3926
3927
3928
3929
3930
3932
3935
3937
3938
3941
3960
3962
3963
3965
3966
3967
3969
3975
3978
3979
3983
3985
3987
3989
3990
3993
3994
3996
3998
4004
4005
4008
4021
4022
4023
4025
4027
4028
4041
4042
4043
4044
4045
4046
4047
4061
4062
4063
4078
4080
4082
4088
4091
4092
4095
4099
4109
4112
4114
4116
4118
4151
4182
4183
4185
4186
4187
4188
4189
4202
4203
4204
4205
4206
4208
4212
4216
4217
4218
4222
4228
4235
4246
4249
4272
4275
4282
4286
4287
4290
4293
4301
4307
4312
4318
4321
4323
4324
4331
4335
4343
4344
4345
4346
4347
4348
4355
4356
4368
4369
4381
4382
4384
4385
4387
4388
4390
4391
4392
4393
4394
4395
4396
4397
4398
4401
4403
4420
4421
4452
4461
4471
4502
4503
4506
4507
4508
4514
4516
4519
4521
4523
4527
4528
4530
4534
4536
4540
4541
4543
4544
4547
4548
4549
4551
4552
4553
4555
4556
4559
4563
4564
4565
4568
4569
4570
4571
4572
4577
4578
4579
4581
4582
4583
4584
4585
4586
4587
4588
4592
4593
4594
4595
4597
4598
4612
4613
4617
4626
4631
4633
4634
4641
4651
4661
4662
4665
4666
4667
4668
4674
4676
4680
4681
4684
4686
4687
4689
4694
4696
4704
4708
4709
4712
4714
4716
4722
4726
4732
4733
4735
4739
4743
4745
4751
4755
4763
4764
4768
4776
4779
4812
4813
4816
4819
4820
4824
4839
4845
4847
4848
4849
4875
4901
4902
4911
4912
4914
4917
4919
4921
4922
4924
4925
4927
4928
4951
4956
4967
4971
4974
4975
4978
4979
4980
4985
4996
4997
4998
5002
5008
5017
5019
5020
5021
5101
5105
5108
5110
5122
5184
5186
5191
5192
5194
5195
5201
5202
5208
5214
5216
5218
5232
5233
5271
5280
5288
5301
5302
5304
5310
5331
5332
5333
5334
5344
5351
5352
5357
5358
5384
5393
5401
5406
5410
5411
5413
5423
5440
5444
5451
5463
5471
5480
5481
5482
5486
5541
5563
5614
5631
5659
5699
5702
5703
5704
5706
5707
5711
5713
5714
5715
5721
5726
5727
5741
5801
5802
5803
5805
5809
5851
5852
5857
5901
5911
5912
5929
5930
5932
5938
5940
5947
5949
5955
5970
5975
5981
5988
5991
6005
6013
6027
6028
6029
6030
6033
6034
6035
6037
6038
6044
6045
6046
6047
6049
6050
6055
6058
6062
6064
6065
6067
6069
6071
6077
6079
6080
6081
6088
6089
6090
6092
6093
6094
6095
6097
6098
6099
6101
6103
6104
6113
6118
6134
6135
6136
6140
6141
6143
6145
6146
6158
6161
6165
6166
6172
6175
6178
6182
6183
6184
6185
6187
6189
6191
6194
6196
6197
6199
6200
6201
6203
6208
6210
6222
6233
6235
6240
6245
6246
6250
6255
6256
6258
6264
6266
6268
6269
6272
6273
6274
6277
6278
6282
6284
6287
6289
6292
6301
6302
6305
6309
6310
6312
6315
6323
6324
6326
6330
6332
6340
6345
6349
6357
6361
6366
6367
6368
6369
6370
6371
6376
6379
6383
6390
6395
6406
6407
6409
6412
6413
6417
6418
6420
6425
6432
6436
6440
6444
6448
6454
6455
6457
6460
6462
6463
6464
6465
6467
6471
6472
6473
6474
6479
6480
6481
6486
6490
6494
6498
6501
6502
6503
6504
6506
6507
6508
6516
6532
6535
6538
6539
6541
6544
6550
6552
6553
6555
6556
6561
6568
6569
6571
6572
6573
6584
6586
6588
6590
6592
6594
6615
6616
6617
6618
6619
6620
6622
6625
6626
6627
6628
6629
6630
6632
6638
6640
6641
6644
6645
6651
6652
6663
6664
6668
6670
6674
6676
6677
6698
6701
6702
6703
6707
6723
6724
6727
6728
6731
6736
6737
6740
6741
6742
6744
6747
6750
6752
6753
6754
6755
6758
6762
6768
6770
6773
6775
6787
6788
6789
6794
6796
6798
6800
6804
6806
6807
6810
6814
6815
6816
6817
6823
6835
6839
6841
6844
6845
6849
6855
6856
6857
6859
6861
6864
6866
6869
6871
6875
6877
6879
6881
6882
6890
6902
6905
6908
6914
6918
6920
6923
6925
6927
6929
6941
6945
6951
6952
6954
6955
6957
6958
6961
6963
6965
6966
6967
6971
6976
6981
6986
6988
6995
6996
6997
6999
7003
7004
7011
7012
7013
7014
7030
7033
7034
7035
7036
7038
7039
7041
7102
7105
7148
7157
7164
7167
7172
7173
7177
7180
7181
7182
7185
7186
7189
7190
7191
7192
7196
7198
7199
7201
7202
7203
7205
7211
7212
7220
7222
7224
7226
7230
7231
7238
7239
7240
7241
7242
7244
7245
7246
7250
7251
7259
7261
7267
7269
7270
7272
7274
7276
7278
7280
7282
7283
7294
7296
7309
7313
7321
7326
7327
7408
7412
7414
7417
7419
7421
7447
7451
7453
7458
7459
7463
7476
7477
7483
7508
7513
7516
7518
7522
7527
7532
7545
7550
7552
7564
7575
7581
7593
7595
7599
7600
7605
7606
7608
7609
7611
7612
7613
7616
7618
7630
7647
7649
7701
7715
7716
7717
7718
7725
7729
7730
7731
7732
7733
7734
7735
7739
7740
7741
7744
7745
7746
7747
7751
7752
7762
7774
7776
7777
7779
7780
7805
7806
7807
7816
7817
7818
7820
7821
7826
7832
7838
7839
7844
7846
7856
7860
7862
7864
7867
7874
7906
7911
7912
7915
7917
7919
7936
7940
7942
7943
7947
7951
7952
7956
7958
7965
7966
7970
7974
7976
7981
7984
7988
7990
7994
7995
8001
8002
8005
8008
8012
8015
8016
8020
8022
8028
8029
8031
8032
8035
8036
8043
8050
8051
8053
8056
8058
8059
8060
8068
8070
8074
8078
8079
8086
8088
8096
8097
8098
8111
8113
8114
8125
8129
8130
8133
8136
8137
8140
8141
8153
8154
8155
8159
8160
8165
8174
8179
8184
8185
8194
8200
8202
8214
8218
8219
8227
8233
8237
8242
8251
8252
8253
8267
8273
8276
8278
8279
8281
8282
8283
8289
8303
8304
8306
8308
8309
8316
8331
8334
8336
8341
8346
8354
8355
8356
8358
8359
8360
8361
8363
8366
8367
8368
8369
8370
8377
8379
8381
8382
8385
8386
8388
8392
8397
8399
8410
8411
8418
8424
8425
8439
8462
8473
8508
8511
8515
8522
8524
8544
8558
8566
8570
8572
8584
8585
8586
8591
8593
8595
8600
8601
8604
8609
8613
8614
8616
8624
8628
8630
8697
8698
8703
8704
8706
8707
8713
8714
8715
8725
8729
8732
8739
8750
8766
8769
8771
8789
8795
8801
8802
8803
8804
8806
8818
8830
8840
8841
8844
8848
8850
8871
8876
8877
8890
8892
8897
8905
8909
8914
8917
8918
8919
8920
8923
8925
8927
8929
8933
8934
8946
8951
8952
8953
8954
8955
8956
8957
8958
8960
8961
8963
8964
8966
8967
8968
8972
8975
8976
8977
8979
8984
8985
8986
8987
9001
9003
9005
9006
9007
9008
9009
9010
9020
9021
9022
9024
9025
9031
9037
9039
9041
9042
9044
9045
9048
9058
9062
9064
9065
9068
9069
9070
9072
9075
9076
9086
9090
9101
9104
9107
9110
9119
9142
9143
9201
9202
9262
9263
9264
9267
9270
9273
9274
9277
9279
9281
9284
9301
9302
9303
9308
9325
9364
9375
9399
9401
9404
9409
9412
9413
9416
9417
9418
9419
9424
9432
9433
9435
9437
9449
9450
9466
9467
9468
9470
9474
9501
9502
9503
9504
9505
9506
9507
9508
9509
9511
9513
9514
9517
9519
9531
9532
9533
9543
9551
9601
9602
9603
9605
9613
9616
9627
9672
9678
9681
9682
9684
9692
9697
9698
9699
9702
9706
9715
9716
9719
9722
9728
9735
9740
9742
9743
9744
9746
9749
9757
9759
9766
9783
9787
9790
9792
9793
9810
9820
9824
9828
9830
9831
9832
9837
9842
9843
9861
9869
9872
9880
9882
9888
9889
9909
9913
9928
9934
9936
9945
9946
9948
9956
9962
9974
9983
9984
9987
9989
9994
9997
